{
 "cells": [
  {
   "cell_type": "code",
   "execution_count": 47,
   "id": "timely-garage",
   "metadata": {},
   "outputs": [],
   "source": [
    "# imports\n",
    "\n",
    "import pandas as pd\n",
    "from scipy import sparse\n",
    "from sklearn.metrics.pairwise import cosine_similarity"
   ]
  },
  {
   "cell_type": "code",
   "execution_count": 50,
   "id": "chinese-english",
   "metadata": {},
   "outputs": [
    {
     "data": {
      "text/html": [
       "<div>\n",
       "<style scoped>\n",
       "    .dataframe tbody tr th:only-of-type {\n",
       "        vertical-align: middle;\n",
       "    }\n",
       "\n",
       "    .dataframe tbody tr th {\n",
       "        vertical-align: top;\n",
       "    }\n",
       "\n",
       "    .dataframe thead th {\n",
       "        text-align: right;\n",
       "    }\n",
       "</style>\n",
       "<table border=\"1\" class=\"dataframe\">\n",
       "  <thead>\n",
       "    <tr style=\"text-align: right;\">\n",
       "      <th></th>\n",
       "      <th>Toy Story</th>\n",
       "      <th>Jumanji</th>\n",
       "      <th>Grumpier Old Men</th>\n",
       "      <th>Waiting to Exhale</th>\n",
       "      <th>Father of the Bride Part II</th>\n",
       "      <th>Heat</th>\n",
       "      <th>Sabrina</th>\n",
       "      <th>Tom and Huck</th>\n",
       "      <th>Sudden Death</th>\n",
       "      <th>GoldenEye</th>\n",
       "      <th>American President, The</th>\n",
       "      <th>Dracula: Dead and Loving It</th>\n",
       "      <th>Balto</th>\n",
       "      <th>Nixon</th>\n",
       "      <th>Cutthroat Island</th>\n",
       "      <th>Casino</th>\n",
       "      <th>Sense and Sensibility</th>\n",
       "      <th>Four Rooms</th>\n",
       "    </tr>\n",
       "    <tr>\n",
       "      <th>users</th>\n",
       "      <th></th>\n",
       "      <th></th>\n",
       "      <th></th>\n",
       "      <th></th>\n",
       "      <th></th>\n",
       "      <th></th>\n",
       "      <th></th>\n",
       "      <th></th>\n",
       "      <th></th>\n",
       "      <th></th>\n",
       "      <th></th>\n",
       "      <th></th>\n",
       "      <th></th>\n",
       "      <th></th>\n",
       "      <th></th>\n",
       "      <th></th>\n",
       "      <th></th>\n",
       "      <th></th>\n",
       "    </tr>\n",
       "  </thead>\n",
       "  <tbody>\n",
       "    <tr>\n",
       "      <th>user1</th>\n",
       "      <td>1.0</td>\n",
       "      <td>4.0</td>\n",
       "      <td>5.0</td>\n",
       "      <td>1.0</td>\n",
       "      <td>5.0</td>\n",
       "      <td>0.0</td>\n",
       "      <td>2.0</td>\n",
       "      <td>5.0</td>\n",
       "      <td>5.0</td>\n",
       "      <td>4.0</td>\n",
       "      <td>1.0</td>\n",
       "      <td>1.0</td>\n",
       "      <td>1.0</td>\n",
       "      <td>1.0</td>\n",
       "      <td>1.0</td>\n",
       "      <td>0.0</td>\n",
       "      <td>0.0</td>\n",
       "      <td>0.0</td>\n",
       "    </tr>\n",
       "    <tr>\n",
       "      <th>user2</th>\n",
       "      <td>4.0</td>\n",
       "      <td>4.0</td>\n",
       "      <td>5.0</td>\n",
       "      <td>2.0</td>\n",
       "      <td>3.0</td>\n",
       "      <td>5.0</td>\n",
       "      <td>3.0</td>\n",
       "      <td>1.0</td>\n",
       "      <td>3.0</td>\n",
       "      <td>1.0</td>\n",
       "      <td>1.0</td>\n",
       "      <td>0.0</td>\n",
       "      <td>1.0</td>\n",
       "      <td>0.0</td>\n",
       "      <td>1.0</td>\n",
       "      <td>0.0</td>\n",
       "      <td>0.0</td>\n",
       "      <td>0.0</td>\n",
       "    </tr>\n",
       "    <tr>\n",
       "      <th>user3</th>\n",
       "      <td>0.0</td>\n",
       "      <td>5.0</td>\n",
       "      <td>3.0</td>\n",
       "      <td>2.0</td>\n",
       "      <td>0.0</td>\n",
       "      <td>5.0</td>\n",
       "      <td>5.0</td>\n",
       "      <td>3.0</td>\n",
       "      <td>5.0</td>\n",
       "      <td>1.0</td>\n",
       "      <td>0.0</td>\n",
       "      <td>0.0</td>\n",
       "      <td>0.0</td>\n",
       "      <td>1.0</td>\n",
       "      <td>0.0</td>\n",
       "      <td>1.0</td>\n",
       "      <td>0.0</td>\n",
       "      <td>0.0</td>\n",
       "    </tr>\n",
       "    <tr>\n",
       "      <th>user4</th>\n",
       "      <td>5.0</td>\n",
       "      <td>3.0</td>\n",
       "      <td>2.0</td>\n",
       "      <td>4.0</td>\n",
       "      <td>2.0</td>\n",
       "      <td>4.0</td>\n",
       "      <td>3.0</td>\n",
       "      <td>0.0</td>\n",
       "      <td>4.0</td>\n",
       "      <td>5.0</td>\n",
       "      <td>0.0</td>\n",
       "      <td>0.0</td>\n",
       "      <td>0.0</td>\n",
       "      <td>1.0</td>\n",
       "      <td>0.0</td>\n",
       "      <td>0.0</td>\n",
       "      <td>1.0</td>\n",
       "      <td>0.0</td>\n",
       "    </tr>\n",
       "    <tr>\n",
       "      <th>user5</th>\n",
       "      <td>3.0</td>\n",
       "      <td>0.0</td>\n",
       "      <td>4.0</td>\n",
       "      <td>3.0</td>\n",
       "      <td>1.0</td>\n",
       "      <td>4.0</td>\n",
       "      <td>0.0</td>\n",
       "      <td>1.0</td>\n",
       "      <td>2.0</td>\n",
       "      <td>1.0</td>\n",
       "      <td>0.0</td>\n",
       "      <td>0.0</td>\n",
       "      <td>0.0</td>\n",
       "      <td>1.0</td>\n",
       "      <td>0.0</td>\n",
       "      <td>0.0</td>\n",
       "      <td>0.0</td>\n",
       "      <td>0.0</td>\n",
       "    </tr>\n",
       "    <tr>\n",
       "      <th>user6</th>\n",
       "      <td>5.0</td>\n",
       "      <td>1.0</td>\n",
       "      <td>2.0</td>\n",
       "      <td>2.0</td>\n",
       "      <td>0.0</td>\n",
       "      <td>3.0</td>\n",
       "      <td>1.0</td>\n",
       "      <td>5.0</td>\n",
       "      <td>3.0</td>\n",
       "      <td>2.0</td>\n",
       "      <td>0.0</td>\n",
       "      <td>0.0</td>\n",
       "      <td>0.0</td>\n",
       "      <td>0.0</td>\n",
       "      <td>0.0</td>\n",
       "      <td>0.0</td>\n",
       "      <td>0.0</td>\n",
       "      <td>1.0</td>\n",
       "    </tr>\n",
       "    <tr>\n",
       "      <th>user7</th>\n",
       "      <td>3.0</td>\n",
       "      <td>4.0</td>\n",
       "      <td>5.0</td>\n",
       "      <td>1.0</td>\n",
       "      <td>0.0</td>\n",
       "      <td>1.0</td>\n",
       "      <td>4.0</td>\n",
       "      <td>5.0</td>\n",
       "      <td>2.0</td>\n",
       "      <td>3.0</td>\n",
       "      <td>0.0</td>\n",
       "      <td>0.0</td>\n",
       "      <td>0.0</td>\n",
       "      <td>1.0</td>\n",
       "      <td>0.0</td>\n",
       "      <td>1.0</td>\n",
       "      <td>0.0</td>\n",
       "      <td>0.0</td>\n",
       "    </tr>\n",
       "    <tr>\n",
       "      <th>user8</th>\n",
       "      <td>4.0</td>\n",
       "      <td>3.0</td>\n",
       "      <td>3.0</td>\n",
       "      <td>3.0</td>\n",
       "      <td>0.0</td>\n",
       "      <td>0.0</td>\n",
       "      <td>0.0</td>\n",
       "      <td>4.0</td>\n",
       "      <td>1.0</td>\n",
       "      <td>2.0</td>\n",
       "      <td>1.0</td>\n",
       "      <td>0.0</td>\n",
       "      <td>1.0</td>\n",
       "      <td>0.0</td>\n",
       "      <td>0.0</td>\n",
       "      <td>0.0</td>\n",
       "      <td>0.0</td>\n",
       "      <td>0.0</td>\n",
       "    </tr>\n",
       "    <tr>\n",
       "      <th>user9</th>\n",
       "      <td>3.0</td>\n",
       "      <td>2.0</td>\n",
       "      <td>5.0</td>\n",
       "      <td>2.0</td>\n",
       "      <td>4.0</td>\n",
       "      <td>0.0</td>\n",
       "      <td>2.0</td>\n",
       "      <td>0.0</td>\n",
       "      <td>5.0</td>\n",
       "      <td>4.0</td>\n",
       "      <td>0.0</td>\n",
       "      <td>0.0</td>\n",
       "      <td>0.0</td>\n",
       "      <td>0.0</td>\n",
       "      <td>0.0</td>\n",
       "      <td>0.0</td>\n",
       "      <td>0.0</td>\n",
       "      <td>0.0</td>\n",
       "    </tr>\n",
       "    <tr>\n",
       "      <th>user10</th>\n",
       "      <td>5.0</td>\n",
       "      <td>4.0</td>\n",
       "      <td>4.0</td>\n",
       "      <td>2.0</td>\n",
       "      <td>2.0</td>\n",
       "      <td>5.0</td>\n",
       "      <td>5.0</td>\n",
       "      <td>3.0</td>\n",
       "      <td>3.0</td>\n",
       "      <td>3.0</td>\n",
       "      <td>1.0</td>\n",
       "      <td>0.0</td>\n",
       "      <td>0.0</td>\n",
       "      <td>0.0</td>\n",
       "      <td>0.0</td>\n",
       "      <td>0.0</td>\n",
       "      <td>0.0</td>\n",
       "      <td>1.0</td>\n",
       "    </tr>\n",
       "  </tbody>\n",
       "</table>\n",
       "</div>"
      ],
      "text/plain": [
       "        Toy Story   Jumanji   Grumpier Old Men   Waiting to Exhale   \\\n",
       "users                                                                 \n",
       "user1          1.0       4.0                5.0                 1.0   \n",
       "user2          4.0       4.0                5.0                 2.0   \n",
       "user3          0.0       5.0                3.0                 2.0   \n",
       "user4          5.0       3.0                2.0                 4.0   \n",
       "user5          3.0       0.0                4.0                 3.0   \n",
       "user6          5.0       1.0                2.0                 2.0   \n",
       "user7          3.0       4.0                5.0                 1.0   \n",
       "user8          4.0       3.0                3.0                 3.0   \n",
       "user9          3.0       2.0                5.0                 2.0   \n",
       "user10         5.0       4.0                4.0                 2.0   \n",
       "\n",
       "        Father of the Bride Part II   Heat   Sabrina   Tom and Huck   \\\n",
       "users                                                                  \n",
       "user1                            5.0    0.0       2.0            5.0   \n",
       "user2                            3.0    5.0       3.0            1.0   \n",
       "user3                            0.0    5.0       5.0            3.0   \n",
       "user4                            2.0    4.0       3.0            0.0   \n",
       "user5                            1.0    4.0       0.0            1.0   \n",
       "user6                            0.0    3.0       1.0            5.0   \n",
       "user7                            0.0    1.0       4.0            5.0   \n",
       "user8                            0.0    0.0       0.0            4.0   \n",
       "user9                            4.0    0.0       2.0            0.0   \n",
       "user10                           2.0    5.0       5.0            3.0   \n",
       "\n",
       "        Sudden Death   GoldenEye   American President, The   \\\n",
       "users                                                         \n",
       "user1             5.0         4.0                       1.0   \n",
       "user2             3.0         1.0                       1.0   \n",
       "user3             5.0         1.0                       0.0   \n",
       "user4             4.0         5.0                       0.0   \n",
       "user5             2.0         1.0                       0.0   \n",
       "user6             3.0         2.0                       0.0   \n",
       "user7             2.0         3.0                       0.0   \n",
       "user8             1.0         2.0                       1.0   \n",
       "user9             5.0         4.0                       0.0   \n",
       "user10            3.0         3.0                       1.0   \n",
       "\n",
       "        Dracula: Dead and Loving It   Balto   Nixon   Cutthroat Island   \\\n",
       "users                                                                     \n",
       "user1                            1.0     1.0     1.0                1.0   \n",
       "user2                            0.0     1.0     0.0                1.0   \n",
       "user3                            0.0     0.0     1.0                0.0   \n",
       "user4                            0.0     0.0     1.0                0.0   \n",
       "user5                            0.0     0.0     1.0                0.0   \n",
       "user6                            0.0     0.0     0.0                0.0   \n",
       "user7                            0.0     0.0     1.0                0.0   \n",
       "user8                            0.0     1.0     0.0                0.0   \n",
       "user9                            0.0     0.0     0.0                0.0   \n",
       "user10                           0.0     0.0     0.0                0.0   \n",
       "\n",
       "        Casino   Sense and Sensibility   Four Rooms   \n",
       "users                                                 \n",
       "user1       0.0                     0.0          0.0  \n",
       "user2       0.0                     0.0          0.0  \n",
       "user3       1.0                     0.0          0.0  \n",
       "user4       0.0                     1.0          0.0  \n",
       "user5       0.0                     0.0          0.0  \n",
       "user6       0.0                     0.0          1.0  \n",
       "user7       1.0                     0.0          0.0  \n",
       "user8       0.0                     0.0          0.0  \n",
       "user9       0.0                     0.0          0.0  \n",
       "user10      0.0                     0.0          1.0  "
      ]
     },
     "execution_count": 50,
     "metadata": {},
     "output_type": "execute_result"
    }
   ],
   "source": [
    "# fetching the dataset from local storage\n",
    "\n",
    "ratings = pd.read_csv(\"dataset/ordered_data_usermovie_small_test.csv\")\n",
    "ratings = ratings.set_index(\"users\")\n",
    "ratings"
   ]
  },
  {
   "cell_type": "code",
   "execution_count": 51,
   "id": "sacred-boost",
   "metadata": {},
   "outputs": [
    {
     "data": {
      "text/html": [
       "<div>\n",
       "<style scoped>\n",
       "    .dataframe tbody tr th:only-of-type {\n",
       "        vertical-align: middle;\n",
       "    }\n",
       "\n",
       "    .dataframe tbody tr th {\n",
       "        vertical-align: top;\n",
       "    }\n",
       "\n",
       "    .dataframe thead th {\n",
       "        text-align: right;\n",
       "    }\n",
       "</style>\n",
       "<table border=\"1\" class=\"dataframe\">\n",
       "  <thead>\n",
       "    <tr style=\"text-align: right;\">\n",
       "      <th></th>\n",
       "      <th>Toy Story</th>\n",
       "      <th>Jumanji</th>\n",
       "      <th>Grumpier Old Men</th>\n",
       "      <th>Waiting to Exhale</th>\n",
       "      <th>Father of the Bride Part II</th>\n",
       "      <th>Heat</th>\n",
       "      <th>Sabrina</th>\n",
       "      <th>Tom and Huck</th>\n",
       "      <th>Sudden Death</th>\n",
       "      <th>GoldenEye</th>\n",
       "      <th>American President, The</th>\n",
       "      <th>Dracula: Dead and Loving It</th>\n",
       "      <th>Balto</th>\n",
       "      <th>Nixon</th>\n",
       "      <th>Cutthroat Island</th>\n",
       "      <th>Casino</th>\n",
       "      <th>Sense and Sensibility</th>\n",
       "      <th>Four Rooms</th>\n",
       "    </tr>\n",
       "    <tr>\n",
       "      <th>users</th>\n",
       "      <th></th>\n",
       "      <th></th>\n",
       "      <th></th>\n",
       "      <th></th>\n",
       "      <th></th>\n",
       "      <th></th>\n",
       "      <th></th>\n",
       "      <th></th>\n",
       "      <th></th>\n",
       "      <th></th>\n",
       "      <th></th>\n",
       "      <th></th>\n",
       "      <th></th>\n",
       "      <th></th>\n",
       "      <th></th>\n",
       "      <th></th>\n",
       "      <th></th>\n",
       "      <th></th>\n",
       "    </tr>\n",
       "  </thead>\n",
       "  <tbody>\n",
       "    <tr>\n",
       "      <th>user1</th>\n",
       "      <td>-0.46</td>\n",
       "      <td>0.2</td>\n",
       "      <td>0.400000</td>\n",
       "      <td>-0.400000</td>\n",
       "      <td>0.66</td>\n",
       "      <td>-0.54</td>\n",
       "      <td>-0.1</td>\n",
       "      <td>0.46</td>\n",
       "      <td>0.425</td>\n",
       "      <td>0.35</td>\n",
       "      <td>0.6</td>\n",
       "      <td>0.9</td>\n",
       "      <td>0.7</td>\n",
       "      <td>0.5</td>\n",
       "      <td>0.8</td>\n",
       "      <td>-0.2</td>\n",
       "      <td>-0.1</td>\n",
       "      <td>-0.2</td>\n",
       "    </tr>\n",
       "    <tr>\n",
       "      <th>user2</th>\n",
       "      <td>0.14</td>\n",
       "      <td>0.2</td>\n",
       "      <td>0.400000</td>\n",
       "      <td>-0.066667</td>\n",
       "      <td>0.26</td>\n",
       "      <td>0.46</td>\n",
       "      <td>0.1</td>\n",
       "      <td>-0.34</td>\n",
       "      <td>-0.075</td>\n",
       "      <td>-0.40</td>\n",
       "      <td>0.6</td>\n",
       "      <td>-0.1</td>\n",
       "      <td>0.7</td>\n",
       "      <td>-0.5</td>\n",
       "      <td>0.8</td>\n",
       "      <td>-0.2</td>\n",
       "      <td>-0.1</td>\n",
       "      <td>-0.2</td>\n",
       "    </tr>\n",
       "    <tr>\n",
       "      <th>user3</th>\n",
       "      <td>-0.66</td>\n",
       "      <td>0.4</td>\n",
       "      <td>-0.266667</td>\n",
       "      <td>-0.066667</td>\n",
       "      <td>-0.34</td>\n",
       "      <td>0.46</td>\n",
       "      <td>0.5</td>\n",
       "      <td>0.06</td>\n",
       "      <td>0.425</td>\n",
       "      <td>-0.40</td>\n",
       "      <td>-0.4</td>\n",
       "      <td>-0.1</td>\n",
       "      <td>-0.3</td>\n",
       "      <td>0.5</td>\n",
       "      <td>-0.2</td>\n",
       "      <td>0.8</td>\n",
       "      <td>-0.1</td>\n",
       "      <td>-0.2</td>\n",
       "    </tr>\n",
       "    <tr>\n",
       "      <th>user4</th>\n",
       "      <td>0.34</td>\n",
       "      <td>0.0</td>\n",
       "      <td>-0.600000</td>\n",
       "      <td>0.600000</td>\n",
       "      <td>0.06</td>\n",
       "      <td>0.26</td>\n",
       "      <td>0.1</td>\n",
       "      <td>-0.54</td>\n",
       "      <td>0.175</td>\n",
       "      <td>0.60</td>\n",
       "      <td>-0.4</td>\n",
       "      <td>-0.1</td>\n",
       "      <td>-0.3</td>\n",
       "      <td>0.5</td>\n",
       "      <td>-0.2</td>\n",
       "      <td>-0.2</td>\n",
       "      <td>0.9</td>\n",
       "      <td>-0.2</td>\n",
       "    </tr>\n",
       "    <tr>\n",
       "      <th>user5</th>\n",
       "      <td>-0.06</td>\n",
       "      <td>-0.6</td>\n",
       "      <td>0.066667</td>\n",
       "      <td>0.266667</td>\n",
       "      <td>-0.14</td>\n",
       "      <td>0.26</td>\n",
       "      <td>-0.5</td>\n",
       "      <td>-0.34</td>\n",
       "      <td>-0.325</td>\n",
       "      <td>-0.40</td>\n",
       "      <td>-0.4</td>\n",
       "      <td>-0.1</td>\n",
       "      <td>-0.3</td>\n",
       "      <td>0.5</td>\n",
       "      <td>-0.2</td>\n",
       "      <td>-0.2</td>\n",
       "      <td>-0.1</td>\n",
       "      <td>-0.2</td>\n",
       "    </tr>\n",
       "    <tr>\n",
       "      <th>user6</th>\n",
       "      <td>0.34</td>\n",
       "      <td>-0.4</td>\n",
       "      <td>-0.600000</td>\n",
       "      <td>-0.066667</td>\n",
       "      <td>-0.34</td>\n",
       "      <td>0.06</td>\n",
       "      <td>-0.3</td>\n",
       "      <td>0.46</td>\n",
       "      <td>-0.075</td>\n",
       "      <td>-0.15</td>\n",
       "      <td>-0.4</td>\n",
       "      <td>-0.1</td>\n",
       "      <td>-0.3</td>\n",
       "      <td>-0.5</td>\n",
       "      <td>-0.2</td>\n",
       "      <td>-0.2</td>\n",
       "      <td>-0.1</td>\n",
       "      <td>0.8</td>\n",
       "    </tr>\n",
       "    <tr>\n",
       "      <th>user7</th>\n",
       "      <td>-0.06</td>\n",
       "      <td>0.2</td>\n",
       "      <td>0.400000</td>\n",
       "      <td>-0.400000</td>\n",
       "      <td>-0.34</td>\n",
       "      <td>-0.34</td>\n",
       "      <td>0.3</td>\n",
       "      <td>0.46</td>\n",
       "      <td>-0.325</td>\n",
       "      <td>0.10</td>\n",
       "      <td>-0.4</td>\n",
       "      <td>-0.1</td>\n",
       "      <td>-0.3</td>\n",
       "      <td>0.5</td>\n",
       "      <td>-0.2</td>\n",
       "      <td>0.8</td>\n",
       "      <td>-0.1</td>\n",
       "      <td>-0.2</td>\n",
       "    </tr>\n",
       "    <tr>\n",
       "      <th>user8</th>\n",
       "      <td>0.14</td>\n",
       "      <td>0.0</td>\n",
       "      <td>-0.266667</td>\n",
       "      <td>0.266667</td>\n",
       "      <td>-0.34</td>\n",
       "      <td>-0.54</td>\n",
       "      <td>-0.5</td>\n",
       "      <td>0.26</td>\n",
       "      <td>-0.575</td>\n",
       "      <td>-0.15</td>\n",
       "      <td>0.6</td>\n",
       "      <td>-0.1</td>\n",
       "      <td>0.7</td>\n",
       "      <td>-0.5</td>\n",
       "      <td>-0.2</td>\n",
       "      <td>-0.2</td>\n",
       "      <td>-0.1</td>\n",
       "      <td>-0.2</td>\n",
       "    </tr>\n",
       "    <tr>\n",
       "      <th>user9</th>\n",
       "      <td>-0.06</td>\n",
       "      <td>-0.2</td>\n",
       "      <td>0.400000</td>\n",
       "      <td>-0.066667</td>\n",
       "      <td>0.46</td>\n",
       "      <td>-0.54</td>\n",
       "      <td>-0.1</td>\n",
       "      <td>-0.54</td>\n",
       "      <td>0.425</td>\n",
       "      <td>0.35</td>\n",
       "      <td>-0.4</td>\n",
       "      <td>-0.1</td>\n",
       "      <td>-0.3</td>\n",
       "      <td>-0.5</td>\n",
       "      <td>-0.2</td>\n",
       "      <td>-0.2</td>\n",
       "      <td>-0.1</td>\n",
       "      <td>-0.2</td>\n",
       "    </tr>\n",
       "    <tr>\n",
       "      <th>user10</th>\n",
       "      <td>0.34</td>\n",
       "      <td>0.2</td>\n",
       "      <td>0.066667</td>\n",
       "      <td>-0.066667</td>\n",
       "      <td>0.06</td>\n",
       "      <td>0.46</td>\n",
       "      <td>0.5</td>\n",
       "      <td>0.06</td>\n",
       "      <td>-0.075</td>\n",
       "      <td>0.10</td>\n",
       "      <td>0.6</td>\n",
       "      <td>-0.1</td>\n",
       "      <td>-0.3</td>\n",
       "      <td>-0.5</td>\n",
       "      <td>-0.2</td>\n",
       "      <td>-0.2</td>\n",
       "      <td>-0.1</td>\n",
       "      <td>0.8</td>\n",
       "    </tr>\n",
       "  </tbody>\n",
       "</table>\n",
       "</div>"
      ],
      "text/plain": [
       "        Toy Story   Jumanji   Grumpier Old Men   Waiting to Exhale   \\\n",
       "users                                                                 \n",
       "user1        -0.46       0.2           0.400000           -0.400000   \n",
       "user2         0.14       0.2           0.400000           -0.066667   \n",
       "user3        -0.66       0.4          -0.266667           -0.066667   \n",
       "user4         0.34       0.0          -0.600000            0.600000   \n",
       "user5        -0.06      -0.6           0.066667            0.266667   \n",
       "user6         0.34      -0.4          -0.600000           -0.066667   \n",
       "user7        -0.06       0.2           0.400000           -0.400000   \n",
       "user8         0.14       0.0          -0.266667            0.266667   \n",
       "user9        -0.06      -0.2           0.400000           -0.066667   \n",
       "user10        0.34       0.2           0.066667           -0.066667   \n",
       "\n",
       "        Father of the Bride Part II   Heat   Sabrina   Tom and Huck   \\\n",
       "users                                                                  \n",
       "user1                           0.66  -0.54      -0.1           0.46   \n",
       "user2                           0.26   0.46       0.1          -0.34   \n",
       "user3                          -0.34   0.46       0.5           0.06   \n",
       "user4                           0.06   0.26       0.1          -0.54   \n",
       "user5                          -0.14   0.26      -0.5          -0.34   \n",
       "user6                          -0.34   0.06      -0.3           0.46   \n",
       "user7                          -0.34  -0.34       0.3           0.46   \n",
       "user8                          -0.34  -0.54      -0.5           0.26   \n",
       "user9                           0.46  -0.54      -0.1          -0.54   \n",
       "user10                          0.06   0.46       0.5           0.06   \n",
       "\n",
       "        Sudden Death   GoldenEye   American President, The   \\\n",
       "users                                                         \n",
       "user1           0.425        0.35                       0.6   \n",
       "user2          -0.075       -0.40                       0.6   \n",
       "user3           0.425       -0.40                      -0.4   \n",
       "user4           0.175        0.60                      -0.4   \n",
       "user5          -0.325       -0.40                      -0.4   \n",
       "user6          -0.075       -0.15                      -0.4   \n",
       "user7          -0.325        0.10                      -0.4   \n",
       "user8          -0.575       -0.15                       0.6   \n",
       "user9           0.425        0.35                      -0.4   \n",
       "user10         -0.075        0.10                       0.6   \n",
       "\n",
       "        Dracula: Dead and Loving It   Balto   Nixon   Cutthroat Island   \\\n",
       "users                                                                     \n",
       "user1                            0.9     0.7     0.5                0.8   \n",
       "user2                           -0.1     0.7    -0.5                0.8   \n",
       "user3                           -0.1    -0.3     0.5               -0.2   \n",
       "user4                           -0.1    -0.3     0.5               -0.2   \n",
       "user5                           -0.1    -0.3     0.5               -0.2   \n",
       "user6                           -0.1    -0.3    -0.5               -0.2   \n",
       "user7                           -0.1    -0.3     0.5               -0.2   \n",
       "user8                           -0.1     0.7    -0.5               -0.2   \n",
       "user9                           -0.1    -0.3    -0.5               -0.2   \n",
       "user10                          -0.1    -0.3    -0.5               -0.2   \n",
       "\n",
       "        Casino   Sense and Sensibility   Four Rooms   \n",
       "users                                                 \n",
       "user1      -0.2                    -0.1         -0.2  \n",
       "user2      -0.2                    -0.1         -0.2  \n",
       "user3       0.8                    -0.1         -0.2  \n",
       "user4      -0.2                     0.9         -0.2  \n",
       "user5      -0.2                    -0.1         -0.2  \n",
       "user6      -0.2                    -0.1          0.8  \n",
       "user7       0.8                    -0.1         -0.2  \n",
       "user8      -0.2                    -0.1         -0.2  \n",
       "user9      -0.2                    -0.1         -0.2  \n",
       "user10     -0.2                    -0.1          0.8  "
      ]
     },
     "execution_count": 51,
     "metadata": {},
     "output_type": "execute_result"
    }
   ],
   "source": [
    "# Performing standardization on all the values row-wise\n",
    "\n",
    "def standardize(row):\n",
    "    new_row = (row - row.mean())/(row.max() - row.min())\n",
    "    return new_row\n",
    "\n",
    "ratings_std = ratings.apply(standardize)\n",
    "ratings_std"
   ]
  },
  {
   "cell_type": "code",
   "execution_count": 55,
   "id": "impressed-factor",
   "metadata": {},
   "outputs": [
    {
     "name": "stdout",
     "output_type": "stream",
     "text": [
      "[[ 1.00000000e+00 -3.75587314e-01 -3.39695869e-01  4.54415278e-01\n",
      "  -1.46278452e-01  1.73905158e-01 -1.94936209e-01 -1.93440361e-01\n",
      "  -5.01495404e-01  1.91654987e-01  1.01079739e-01 -4.74554753e-01\n",
      "  -1.21566135e-01 -5.57086015e-01 -2.47593784e-01 -5.57086015e-01\n",
      "   3.50757861e-01  5.26136792e-01]\n",
      " [-3.75587314e-01  1.00000000e+00  2.31248645e-01 -3.86680141e-01\n",
      "   1.16580702e-01  9.63142661e-02  7.72091436e-01  2.41782137e-01\n",
      "   3.00677287e-01  9.94053466e-02  4.12861412e-01  2.24733287e-01\n",
      "   2.94244943e-01  1.34839972e-01  3.37099931e-01  5.05649897e-01\n",
      "  -3.24095074e-18 -1.68549966e-01]\n",
      " [-3.39695869e-01  2.31248645e-01  1.00000000e+00 -6.49183817e-01\n",
      "   5.63445804e-01 -3.10330773e-01  1.47299706e-01 -2.63584160e-02\n",
      "   1.01979116e-01  1.26430434e-02  3.15063019e-01  3.42997170e-01\n",
      "   2.99392475e-01  1.07950935e-17  5.14495755e-01  8.57492926e-02\n",
      "  -5.14495755e-01 -3.42997170e-01]\n",
      " [ 4.54415278e-01 -3.86680141e-01 -6.49183817e-01  1.00000000e+00\n",
      "  -2.24796152e-01  3.05887645e-01 -3.28407668e-01 -6.11172853e-01\n",
      "  -2.21680384e-01  6.76510091e-02 -1.87317162e-01 -4.58831468e-01\n",
      "  -1.50187852e-01 -6.08975851e-18 -4.01477534e-01 -4.01477534e-01\n",
      "   6.88247202e-01 -1.14707867e-01]\n",
      " [-1.46278452e-01  1.16580702e-01  5.63445804e-01 -2.24796152e-01\n",
      "   1.00000000e+00 -2.44279748e-01  1.65020097e-02 -3.21870194e-01\n",
      "   5.95514397e-01  5.01406371e-01  3.76496644e-01  6.34029459e-01\n",
      "   3.64758233e-01 -5.76390418e-02  6.62848980e-01 -4.89931855e-01\n",
      "   5.76390418e-02 -2.01736646e-01]\n",
      " [ 1.73905158e-01  9.63142661e-02 -3.10330773e-01  3.05887645e-01\n",
      "  -2.44279748e-01  1.00000000e+00  4.49898691e-01 -3.39104082e-01\n",
      "   3.18554634e-02 -4.28283777e-01 -7.77615791e-02 -4.28571429e-01\n",
      "  -3.22131171e-01  4.76190476e-02 -4.76190476e-02  7.14285714e-02\n",
      "   2.06349206e-01  3.09523810e-01]\n",
      " [-1.94936209e-01  7.72091436e-01  1.47299706e-01 -3.28407668e-01\n",
      "   1.65020097e-02  4.49898691e-01  1.00000000e+00  1.46675507e-02\n",
      "   4.04328541e-01  1.26637528e-01 -2.96008598e-17 -9.54330557e-02\n",
      "  -3.12378001e-01  1.71779500e-01  1.04226830e-17  5.72598334e-01\n",
      "   9.54330557e-02  1.43149584e-01]\n",
      " [-1.93440361e-01  2.41782137e-01 -2.63584160e-02 -6.11172853e-01\n",
      "  -3.21870194e-01 -3.39104082e-01  1.46675507e-02  1.00000000e+00\n",
      "  -2.32288687e-01 -1.20858884e-01  2.30067129e-01  3.92775232e-01\n",
      "   2.12413182e-01  5.12315520e-02  7.68473279e-02  3.33005088e-01\n",
      "  -4.61083968e-01  3.33005088e-01]\n",
      " [-5.01495404e-01  3.00677287e-01  1.01979116e-01 -2.21680384e-01\n",
      "   5.95514397e-01  3.18554634e-02  4.04328541e-01 -2.32288687e-01\n",
      "   1.00000000e+00  3.94533875e-01 -1.82069139e-01  4.21200016e-01\n",
      "  -1.45980072e-01  2.22988244e-01  2.60152951e-01  7.43294146e-02\n",
      "   1.73435301e-01 -1.11494122e-01]\n",
      " [ 1.91654987e-01  9.94053466e-02  1.26430434e-02  6.76510091e-02\n",
      "   5.01406371e-01 -4.28283777e-01  1.26637528e-01 -1.20858884e-01\n",
      "   3.94533875e-01  1.00000000e+00 -6.01929265e-02  3.44031231e-01\n",
      "  -1.28697890e-01  1.47441956e-01 -3.68604890e-02 -2.21162934e-01\n",
      "   5.89767825e-01 -3.68604890e-02]\n",
      " [ 1.01079739e-01  4.12861412e-01  3.15063019e-01 -1.87317162e-01\n",
      "   3.76496644e-01 -7.77615791e-02 -2.96008598e-17  2.30067129e-01\n",
      "  -1.82069139e-01 -6.01929265e-02  1.00000000e+00  4.08248290e-01\n",
      "   8.01783726e-01 -4.08248290e-01  6.12372436e-01 -4.08248290e-01\n",
      "  -2.72165527e-01  1.02062073e-01]\n",
      " [-4.74554753e-01  2.24733287e-01  3.42997170e-01 -4.58831468e-01\n",
      "   6.34029459e-01 -4.28571429e-01 -9.54330557e-02  3.92775232e-01\n",
      "   4.21200016e-01  3.44031231e-01  4.08248290e-01  1.00000000e+00\n",
      "   5.09175077e-01  3.33333333e-01  6.66666667e-01 -1.66666667e-01\n",
      "  -1.11111111e-01 -1.66666667e-01]\n",
      " [-1.21566135e-01  2.94244943e-01  2.99392475e-01 -1.50187852e-01\n",
      "   3.64758233e-01 -3.22131171e-01 -3.12378001e-01  2.12413182e-01\n",
      "  -1.45980072e-01 -1.28697890e-01  8.01783726e-01  5.09175077e-01\n",
      "   1.00000000e+00 -2.18217890e-01  7.63762616e-01 -3.27326835e-01\n",
      "  -2.18217890e-01 -3.27326835e-01]\n",
      " [-5.57086015e-01  1.34839972e-01  1.07950935e-17 -6.08975851e-18\n",
      "  -5.76390418e-02  4.76190476e-02  1.71779500e-01  5.12315520e-02\n",
      "   2.22988244e-01  1.47441956e-01 -4.08248290e-01  3.33333333e-01\n",
      "  -2.18217890e-01  1.00000000e+00  1.17864587e-17  5.00000000e-01\n",
      "   3.33333333e-01 -5.00000000e-01]\n",
      " [-2.47593784e-01  3.37099931e-01  5.14495755e-01 -4.01477534e-01\n",
      "   6.62848980e-01 -4.76190476e-02  1.04226830e-17  7.68473279e-02\n",
      "   2.60152951e-01 -3.68604890e-02  6.12372436e-01  6.66666667e-01\n",
      "   7.63762616e-01  1.17864587e-17  1.00000000e+00 -2.50000000e-01\n",
      "  -1.66666667e-01 -2.50000000e-01]\n",
      " [-5.57086015e-01  5.05649897e-01  8.57492926e-02 -4.01477534e-01\n",
      "  -4.89931855e-01  7.14285714e-02  5.72598334e-01  3.33005088e-01\n",
      "   7.43294146e-02 -2.21162934e-01 -4.08248290e-01 -1.66666667e-01\n",
      "  -3.27326835e-01  5.00000000e-01 -2.50000000e-01  1.00000000e+00\n",
      "  -1.66666667e-01 -2.50000000e-01]\n",
      " [ 3.50757861e-01 -3.24095074e-18 -5.14495755e-01  6.88247202e-01\n",
      "   5.76390418e-02  2.06349206e-01  9.54330557e-02 -4.61083968e-01\n",
      "   1.73435301e-01  5.89767825e-01 -2.72165527e-01 -1.11111111e-01\n",
      "  -2.18217890e-01  3.33333333e-01 -1.66666667e-01 -1.66666667e-01\n",
      "   1.00000000e+00 -1.66666667e-01]\n",
      " [ 5.26136792e-01 -1.68549966e-01 -3.42997170e-01 -1.14707867e-01\n",
      "  -2.01736646e-01  3.09523810e-01  1.43149584e-01  3.33005088e-01\n",
      "  -1.11494122e-01 -3.68604890e-02  1.02062073e-01 -1.66666667e-01\n",
      "  -3.27326835e-01 -5.00000000e-01 -2.50000000e-01 -2.50000000e-01\n",
      "  -1.66666667e-01  1.00000000e+00]]\n",
      "[[ 1.          0.28788293 -0.19995129 -0.31800519 -0.4058923  -0.49913541\n",
      "  -0.04249351  0.03071658 -0.00873454 -0.24599292]\n",
      " [ 0.28788293  1.         -0.2905475  -0.35932694 -0.25105515 -0.36718828\n",
      "  -0.46333043  0.22030291 -0.11939624  0.20509785]\n",
      " [-0.19995129 -0.2905475   1.          0.0636591   0.05438487 -0.16781664\n",
      "   0.49027457 -0.50961864 -0.27580649 -0.18286118]\n",
      " [-0.31800519 -0.35932694  0.0636591   1.          0.22912287 -0.04161948\n",
      "  -0.18519004 -0.30388717  0.07906833 -0.13364354]\n",
      " [-0.4058923  -0.25105515  0.05438487  0.22912287  1.          0.11876138\n",
      "  -0.01887413 -0.09444068  0.01235339 -0.40693906]\n",
      " [-0.49913541 -0.36718828 -0.16781664 -0.04161948  0.11876138  1.\n",
      "  -0.15176066  0.14491124 -0.10660481  0.32437616]\n",
      " [-0.04249351 -0.46333043  0.49027457 -0.18519004 -0.01887413 -0.15176066\n",
      "   1.         -0.22895692 -0.12581495 -0.25445264]\n",
      " [ 0.03071658  0.22030291 -0.50961864 -0.30388717 -0.09444068  0.14491124\n",
      "  -0.22895692  1.         -0.20202106 -0.05405664]\n",
      " [-0.00873454 -0.11939624 -0.27580649  0.07906833  0.01235339 -0.10660481\n",
      "  -0.12581495 -0.20202106  1.         -0.14315385]\n",
      " [-0.24599292  0.20509785 -0.18286118 -0.13364354 -0.40693906  0.32437616\n",
      "  -0.25445264 -0.05405664 -0.14315385  1.        ]]\n"
     ]
    }
   ],
   "source": [
    "# Fetching similarity matrix usinng cosine similarity\n",
    "\n",
    "item_similarity = cosine_similarity(ratings_std.T)\n",
    "print(item_similarity)\n",
    "user_similarity = cosine_similarity(ratings_std)\n",
    "print(user_similarity)"
   ]
  },
  {
   "cell_type": "code",
   "execution_count": 54,
   "id": "necessary-astrology",
   "metadata": {},
   "outputs": [
    {
     "data": {
      "text/html": [
       "<div>\n",
       "<style scoped>\n",
       "    .dataframe tbody tr th:only-of-type {\n",
       "        vertical-align: middle;\n",
       "    }\n",
       "\n",
       "    .dataframe tbody tr th {\n",
       "        vertical-align: top;\n",
       "    }\n",
       "\n",
       "    .dataframe thead th {\n",
       "        text-align: right;\n",
       "    }\n",
       "</style>\n",
       "<table border=\"1\" class=\"dataframe\">\n",
       "  <thead>\n",
       "    <tr style=\"text-align: right;\">\n",
       "      <th></th>\n",
       "      <th>Toy Story</th>\n",
       "      <th>Jumanji</th>\n",
       "      <th>Grumpier Old Men</th>\n",
       "      <th>Waiting to Exhale</th>\n",
       "      <th>Father of the Bride Part II</th>\n",
       "      <th>Heat</th>\n",
       "      <th>Sabrina</th>\n",
       "      <th>Tom and Huck</th>\n",
       "      <th>Sudden Death</th>\n",
       "      <th>GoldenEye</th>\n",
       "      <th>American President, The</th>\n",
       "      <th>Dracula: Dead and Loving It</th>\n",
       "      <th>Balto</th>\n",
       "      <th>Nixon</th>\n",
       "      <th>Cutthroat Island</th>\n",
       "      <th>Casino</th>\n",
       "      <th>Sense and Sensibility</th>\n",
       "      <th>Four Rooms</th>\n",
       "    </tr>\n",
       "  </thead>\n",
       "  <tbody>\n",
       "    <tr>\n",
       "      <th>Toy Story</th>\n",
       "      <td>1.000000</td>\n",
       "      <td>-3.755873e-01</td>\n",
       "      <td>-3.396959e-01</td>\n",
       "      <td>4.544153e-01</td>\n",
       "      <td>-0.146278</td>\n",
       "      <td>0.173905</td>\n",
       "      <td>-1.949362e-01</td>\n",
       "      <td>-0.193440</td>\n",
       "      <td>-0.501495</td>\n",
       "      <td>0.191655</td>\n",
       "      <td>1.010797e-01</td>\n",
       "      <td>-0.474555</td>\n",
       "      <td>-0.121566</td>\n",
       "      <td>-5.570860e-01</td>\n",
       "      <td>-2.475938e-01</td>\n",
       "      <td>-0.557086</td>\n",
       "      <td>3.507579e-01</td>\n",
       "      <td>0.526137</td>\n",
       "    </tr>\n",
       "    <tr>\n",
       "      <th>Jumanji</th>\n",
       "      <td>-0.375587</td>\n",
       "      <td>1.000000e+00</td>\n",
       "      <td>2.312486e-01</td>\n",
       "      <td>-3.866801e-01</td>\n",
       "      <td>0.116581</td>\n",
       "      <td>0.096314</td>\n",
       "      <td>7.720914e-01</td>\n",
       "      <td>0.241782</td>\n",
       "      <td>0.300677</td>\n",
       "      <td>0.099405</td>\n",
       "      <td>4.128614e-01</td>\n",
       "      <td>0.224733</td>\n",
       "      <td>0.294245</td>\n",
       "      <td>1.348400e-01</td>\n",
       "      <td>3.370999e-01</td>\n",
       "      <td>0.505650</td>\n",
       "      <td>-3.240951e-18</td>\n",
       "      <td>-0.168550</td>\n",
       "    </tr>\n",
       "    <tr>\n",
       "      <th>Grumpier Old Men</th>\n",
       "      <td>-0.339696</td>\n",
       "      <td>2.312486e-01</td>\n",
       "      <td>1.000000e+00</td>\n",
       "      <td>-6.491838e-01</td>\n",
       "      <td>0.563446</td>\n",
       "      <td>-0.310331</td>\n",
       "      <td>1.472997e-01</td>\n",
       "      <td>-0.026358</td>\n",
       "      <td>0.101979</td>\n",
       "      <td>0.012643</td>\n",
       "      <td>3.150630e-01</td>\n",
       "      <td>0.342997</td>\n",
       "      <td>0.299392</td>\n",
       "      <td>1.079509e-17</td>\n",
